error: false
end_n_particle: 100.0
end_norm_emit_x: 0.00011601296613613439
end_norm_emit_y: 0.0001344616646551748
end_higher_order_energy_spread: 26792.6139958175
end_mean_x: -0.00011351114252267231
end_sigma_x: 0.006756553814548806
end_min_x: -0.015192413622731079
end_max_x: 0.01942058556050593
end_mean_y: 0.0002527416822923609
end_sigma_y: 0.008204163054533751
end_min_y: -0.018798699934073657
end_max_y: 0.020089114620847625
end_mean_z: 8.228000000000003
end_sigma_z: 3.5968484601974254e-15
end_min_z: 8.227999999999998
end_max_z: 8.228000000000002
end_mean_r: 0.008955621200428617
end_sigma_r: 0.005730002000536203
end_min_r: 0.00027696097334786415
end_max_r: 0.0221008526301498
end_mean_theta: 0.06722719600401743
end_sigma_theta: 1.8527114821410744
end_min_theta: -3.0951271777175378
end_max_theta: 3.102830018073678
end_mean_px: -38.925241795197245
end_sigma_px: 10172.294703014537
end_min_px: -24745.158594351986
end_max_px: 28024.933680065475
end_mean_py: 152.53780807463946
end_sigma_py: 10264.089586500164
end_min_py: -23788.15609164945
end_max_py: 25843.46760910145
end_mean_pz: 5588203.272552608
end_sigma_pz: 148009.75018664997
end_min_pz: 5035691.137137207
end_max_pz: 5724973.924368913
end_mean_pr: 7328.009872225978
end_sigma_pr: 12342.306517584053
end_min_pr: -15033.381626191564
end_max_pr: 28353.392010719846
end_mean_ptheta: 132.9791660261122
end_sigma_ptheta: 1673.9041794510033
end_min_ptheta: -4201.0623273019455
end_max_ptheta: 8322.568338207995
end_mean_beta_x: -6.999419167899633e-06
end_sigma_beta_x: 0.0018049047371615774
end_min_beta_x: -0.004392843032458138
end_max_beta_x: 0.005044220155260104
end_mean_beta_y: 2.7524927843610438e-05
end_sigma_beta_y: 0.0018220137745642523
end_min_beta_y: -0.004283700489957034
end_max_beta_y: 0.004664414497309627
end_mean_beta_z: 0.995832774224261
end_sigma_beta_z: 0.0002332227209827923
end_min_beta_z: 0.9948906835244536
end_max_beta_z: 0.9960347520380048
end_mean_xp: -7.029396392113843e-06
end_sigma_xp: 0.0018123928759285167
end_min_xp: -0.004411080205534823
end_max_xp: 0.005065758588552552
end_mean_yp: 2.764313811234102e-05
end_sigma_yp: 0.001829583148719785
end_min_yp: -0.0043019934004121
end_max_yp: 0.0046844405764060165
end_mean_energy: 5611553.55330485
end_sigma_energy: 147370.95851457462
end_min_energy: 5061552.209231673
end_max_energy: 5747765.238767965
end_mean_kinetic_energy: 5100554.602614849
end_sigma_kinetic_energy: 147370.95851457462
end_min_kinetic_energy: 4550553.2585416725
end_max_kinetic_energy: 5236766.288077964
end_mean_p: 5588221.878552693
end_sigma_p: 148012.80174541022
end_min_p: 5035691.694213591
end_max_p: 5725005.267454614
end_mean_gamma: 10.981536352917338
end_sigma_gamma: 0.2883977712979257
end_min_gamma: 9.905210573127551
end_max_gamma: 11.248095971639039
end_mean_t: 2.9301699694353664e-08
end_sigma_t: 3.00147320081087e-11
end_min_t: 2.926967605148147e-08
end_max_t: 2.9377085658910532e-08
end_z_screen: 8.228000000000003
end_n_particle_loss: 0
end_total_charge: 1.000000000000038e-09
end_max[sigma_x, sigma_y]: 0.008204163054533751
end_max[norm_emit_x, norm_emit_y]: 0.0001344616646551748
fingerprint: b5f1268c6167d1a3df3d0ae094ae66b4
