error: false
end_n_particle: 100.0
end_norm_emit_x: 0.00011592773619416133
end_norm_emit_y: 0.00013437632620465946
end_higher_order_energy_spread: 26811.564341899913
end_mean_x: -0.00011373064186362598
end_sigma_x: 0.006751239441058286
end_min_x: -0.015163709797169704
end_max_x: 0.019359874138311636
end_mean_y: 0.00025369248558087767
end_sigma_y: 0.008198957958608085
end_min_y: -0.01879562931577313
end_max_y: 0.02008300881887554
end_mean_z: 8.228000000000002
end_sigma_z: 1.8374778024090333e-15
end_min_z: 8.227999999999998
end_max_z: 8.228000000000002
end_mean_r: 0.00894943728980767
end_sigma_r: 0.005725994440222822
end_min_r: 0.0002821109026412154
end_max_r: 0.022111165875591924
end_mean_theta: 0.06754341239311269
end_sigma_theta: 1.8525340154529488
end_min_theta: -3.095645979761484
end_max_theta: 3.10733218213737
end_mean_px: -38.397239866219834
end_sigma_px: 10167.855533257625
end_min_px: -24742.304918813443
end_max_px: 27985.325916282567
end_mean_py: 153.91357399740795
end_sigma_py: 10261.221736743053
end_min_py: -23763.60512803606
end_max_py: 25852.313621647143
end_mean_pz: 5588212.10406085
end_sigma_pz: 148153.37673546278
end_min_pz: 5034417.467864769
end_max_pz: 5725005.709429028
end_mean_pr: 7324.6684358159055
end_sigma_pr: 12340.279231830638
end_min_pr: -15037.786133657186
end_max_pr: 28318.190690232226
end_mean_ptheta: 129.8704461344677
end_sigma_ptheta: 1659.2154366230525
end_min_ptheta: -4178.057742317195
end_max_ptheta: 8217.511424639823
end_mean_beta_x: -6.919048417420405e-06
end_sigma_beta_x: 0.0018039689237990468
end_min_beta_x: -0.00439152231640782
end_max_beta_x: 0.005035573478875835
end_mean_beta_y: 2.776477899106321e-05
end_sigma_beta_y: 0.0018213847711494404
end_min_beta_y: -0.004279073611290618
end_max_beta_y: 0.004665513830419794
end_mean_beta_z: 0.995832770133979
end_sigma_beta_z: 0.00023350798045608642
end_min_beta_z: 0.9948881192552738
end_max_beta_z: 0.996034790764234
end_mean_xp: -6.948807941572989e-06
end_sigma_xp: 0.001811451884600781
end_min_xp: -0.004409747172355975
end_max_xp: 0.005057061788997433
end_mean_yp: 2.7883956706225848e-05
end_sigma_yp: 0.0018289504851492979
end_min_yp: -0.004297344914775676
end_max_yp: 0.00468554037221759
end_mean_energy: 5611562.369420193
end_sigma_energy: 147513.89034675888
end_min_energy: 5060285.041531399
end_max_energy: 5747796.926888836
end_mean_kinetic_energy: 5100563.418730194
end_sigma_kinetic_energy: 147513.8903467589
end_min_kinetic_energy: 4549286.090841399
end_max_kinetic_energy: 5236797.976198835
end_mean_p: 5588230.695436598
end_sigma_p: 148156.47374293083
end_min_p: 5034418.0174018275
end_max_p: 5725037.081552089
end_mean_gamma: 10.981553605624669
end_sigma_gamma: 0.28867748191570924
end_min_gamma: 9.902730787800081
end_max_gamma: 11.248157983744598
end_mean_t: 2.9301696932822455e-08
end_sigma_t: 3.001703656451266e-11
end_min_t: 2.926967060827518e-08
end_max_t: 2.9377194032589382e-08
end_z_screen: 8.228000000000002
end_n_particle_loss: 0
end_total_charge: 1.000000000000038e-09
end_max[sigma_x, sigma_y]: 0.008198957958608085
end_max[norm_emit_x, norm_emit_y]: 0.00013437632620465946
fingerprint: b5f1268c6167d1a3df3d0ae094ae66b4
