error: false
end_n_particle: 100.0
end_norm_emit_x: 0.0001165625103074386
end_norm_emit_y: 0.00013534784332271504
end_higher_order_energy_spread: 26675.953062763587
end_mean_x: -0.00011540437223631178
end_sigma_x: 0.006749281919790787
end_min_x: -0.014968684978661509
end_max_x: 0.019155103331759016
end_mean_y: 0.00025364483940746473
end_sigma_y: 0.00821454177297091
end_min_y: -0.01907301510257753
end_max_y: 0.01989192354733555
end_mean_z: 8.228000000000002
end_sigma_z: 1.9131948672901813e-15
end_min_z: 8.227999999999998
end_max_z: 8.228000000000002
end_mean_r: 0.008948254623125474
end_sigma_r: 0.005747860127569372
end_min_r: 0.00012386966912669744
end_max_r: 0.022432468453433486
end_mean_theta: 0.06488628267958753
end_sigma_theta: 1.8560396753753399
end_min_theta: -3.093848654324401
end_max_theta: 3.0981496019347707
end_mean_px: -40.509302779113334
end_sigma_px: 10125.145972314236
end_min_px: -24669.060020113575
end_max_px: 27926.51283916967
end_mean_py: 154.61455118909393
end_sigma_py: 10225.847884777733
end_min_py: -23760.80761959947
end_max_py: 25818.20400578031
end_mean_pz: 5590135.054475303
end_sigma_pz: 145535.64567700168
end_min_pz: 5046684.488078512
end_max_pz: 5725170.763472718
end_mean_pr: 7279.097918667658
end_sigma_pr: 12255.48378007809
end_min_pr: -14915.609477140124
end_max_pr: 28261.578429227284
end_mean_ptheta: 152.70098209248295
end_sigma_ptheta: 1976.5186068171831
end_min_ptheta: -5286.054666905174
end_max_ptheta: 13510.080415637898
end_mean_beta_x: -7.275411447185278e-06
end_sigma_beta_x: 0.0017959202119900177
end_min_beta_x: -0.004377066618982735
end_max_beta_x: 0.005022586736590278
end_mean_beta_y: 2.7878545008302394e-05
end_sigma_beta_y: 0.001814659452254735
end_min_beta_y: -0.004275617967697575
end_max_beta_y: 0.004656329166703981
end_mean_beta_z: 0.9958359815119051
end_sigma_beta_z: 0.00022877597683002354
end_min_beta_z: 0.9949127491941402
end_max_beta_z: 0.9960351155130218
end_mean_xp: -7.306489054446802e-06
end_sigma_xp: 0.0018033654683293045
end_min_xp: -0.004395219080664586
end_max_xp: 0.005043998731218816
end_mean_yp: 2.7998088858521793e-05
end_sigma_yp: 0.001822193062385799
end_min_yp: -0.004293849168888743
end_max_yp: 0.004676290004313427
end_mean_energy: 5613476.56112853
end_sigma_energy: 144908.55321796107
end_min_energy: 5072489.514448606
end_max_energy: 5747960.763937413
end_mean_kinetic_energy: 5102477.6104385285
end_sigma_kinetic_energy: 144908.55321796107
end_min_kinetic_energy: 4561490.563758606
end_max_kinetic_energy: 5236961.813247412
end_mean_p: 5590153.499499656
end_sigma_p: 145538.70811764238
end_min_p: 5046685.045312891
end_max_p: 5725201.569915043
end_mean_gamma: 10.985299585348802
end_sigma_gamma: 0.28357896434482216
end_min_gamma: 9.926614345487877
end_max_gamma: 11.248478604850288
end_mean_t: 2.9301739606287184e-08
end_sigma_t: 2.973299814709376e-11
end_min_t: 2.9270010412076625e-08
end_max_t: 2.937638423968114e-08
end_z_screen: 8.228000000000002
end_n_particle_loss: 0
end_total_charge: 1.000000000000038e-09
end_max[sigma_x, sigma_y]: 0.00821454177297091
end_max[norm_emit_x, norm_emit_y]: 0.00013534784332271504
fingerprint: 61b7ad9fdc470367627866d2bb390251
